3
4
5
7
8
9
11
12
13
15
16
17
18
19
20
21
24
25
26
27
28
30
31
32
33
35
36
37
38
39
40
41
42
43
46
47
48
49
50
51
53
54
55
56
58
59
60
61
63
64
65
66
67
68
69
71
72
73
74
76
77
78
79
80
81
83
84
85
86
87
89
90
91
92
93
94
95
96
97
99
100
101
104
106
107
108
110
112
114
115
116
118
119
120
121
122
123
124
125
126
127
128
129
130
132
134
137
139
140
142
143
145
146
148
149
150
151
152
153
154
155
156
157
158
159
160
161
162
164
165
166
167
168
170
171
172
173
174
176
177
178
179
181
183
184
185
186
187
188
189
190
191
192
193
194
195
197
198
199
200
201
202
203
204
205
206
207
