1
2
5
6
7
8
13
14
15
16
17
18
19
20
21
22
23
24
26
28
29
37
38
39
41
42
43
48
49
50
52
54
55
58
59
60
61
63
66
67
68
69
70
72
75
76
77
79
80
81
82
83
84
86
87
88
89
91
92
93
94
99
100
101
103
104
105
106
107
108
109
113
114
116
117
118
119
121
122
123
128
129
130
132
133
134
135
136
137
139
140
141
142
144
145
146
148
149
150
152
153
154
155
156
158
159
160
161
162
164
165
166
169
170
171
173
174
175
176
179
180
181
183
184
186
189
190
191
192
193
195
196
199
200
202
203
207
208
209
210
211
213
214
215
216
218
219
220
221
222
223
224
225
227
228
229
230
231
232
233
234
235
240
241
243
244
245
246
247
248
249
250
251
254
255
257
258
261
262
263
264
265
267
268
269
270
271
272
273
277
278
279
280
281
283
284
285
287
289
290
291
293
294
295
296
297
299
302
