1
2
3
5
6
7
8
9
10
11
12
13
14
15
16
17
18
19
20
21
29
30
31
33
34
35
36
37
38
39
41
42
43
45
47
48
49
50
52
53
54
55
56
57
58
59
60
61
62
63
64
66
67
68
70
72
75
76
77
78
79
80
81
83
84
86
87
89
90
92
94
95
96
97
102
103
104
105
107
108
110
111
112
113
114
115
116
117
119
122
123
124
125
126
127
128
129
130
131
133
134
135
136
137
139
140
141
142
143
144
145
146
147
148
149
150
152
153
156
157
158
160
161
162
163
164
167
168
171
173
174
175
176
177
178
179
180
181
183
187
188
189
190
191
192
193
194
195
196
198
199
200
201
202
203
204
205
206
207
208
209
210
211
212
213
214
215
216
217
218
220
221
222
223
224
225
227
232
233
234
235
236
237
238
239
240
241
242
243
244
245
246
247
248
250
