1
3
4
5
7
8
9
10
12
13
14
15
16
17
18
19
20
21
22
24
25
26
27
28
29
30
31
32
33
35
36
37
38
39
40
41
42
43
44
45
46
47
49
50
51
53
54
57
58
59
60
61
62
64
65
66
67
68
69
70
72
73
77
78
79
80
81
82
83
84
85
86
87
88
89
90
92
93
94
95
97
98
99
101
102
104
105
108
109
110
111
113
114
115
116
117
118
119
121
122
124
125
126
127
128
129
130
131
132
133
134
136
137
138
140
141
142
143
144
145
146
147
148
149
150
151
152
153
154
155
156
157
158
159
160
161
162
163
165
166
167
168
169
170
172
173
174
175
176
177
178
179
180
181
183
184
186
188
190
191
192
193
194
195
197
198
200
201
202
203
205
206
208
210
211
212
213
214
215
216
217
225
226
227
228
230
231
233
235
236
237
238
239
240
241
242
243
244
245
246
247
248
250
251
252
254
255
257
258
259
260
261
262
263
264
265
266
267
268
270
271
272
273
274
275
276
277
279
280
281
283
284
286
287
289
290
291
292
293
297
298
301
302
304
305
306
307
308
309
310
311
312
313
314
316
317
318
319
321
322
323
324
326
327
328
329
330
331
332
334
335
336
337
338
340
341
342
343
345
346
349
350
351
353
354
355
356
357
358
359
361
362
364
365
367
368
370
371
372
375
378
379
380
381
382
384
385
387
389
390
391
392
393
395
396
397
398
399
402
403
404
406
407
408
409
410
411
412
413
415
416
418
420
421
422
423
424
425
427
428
430
431
432
433
434
436
437
438
439
440
441
442
444
445
446
447
448
449
450
451
452
453
454
455
