5
7
9
12
13
16
18
19
21
31
33
35
38
44
46
50
56
59
60
72
73
75
83
85
89
94
98
99
100
103
104
106
108
109
126
128
129
131
133
137
139
140
142
144
145
146
148
149
150
153
156
157
159
160
165
168
169
171
173
175
177
179
186
188
191
192
193
197
198
200
206
208
209
211
218
219
220
221
225
226
236
238
240
244
246
247
248
254
262
265
267
273
279
281
286
292
294
298
303
304
309
310
326
329
333
335
336
339
345
347
349
353
354
356
358
359
360
361
363
364
365
371
373
376
377
378
389
391
393
401
402
403
407
408
415
416
426
429
438
441
443
444
445
446
447
453
456
458
461
471
476
481
483
485
488
496
497
498
499
501
503
504
508
511
512
515
523
524
525
527
528
531
536
537
547
549
551
557
562
564
566
567
576
577
579
582
588
594
598
599
600
601
603
605
607
617
622
623
633
635
636
640
641
643
645
646
648
